train_losses_m5a = [0.6494665662374718, 0.5044986342336847, 0.4674692903533219, 0.44959011829738577, 0.43612337271654944, 0.42189254346065524, 0.41572054005549386, 0.41320157068170993, 0.4111104108781012, 0.41035137964317325, 0.4022965389800383, 0.40045833083310006]
val_losses_m5a = [0.5404143905909048, 0.5038810373699598, 0.5107056765906555, 0.5200668970743815, 0.5058841578704489, 0.5010566378380619, 0.5040048546036758, 0.5022259239423073, 0.5057650385940142, 0.5150717659185162, 0.5046776545586559, 0.5040942968285016]
train_acc_m5a = [85.53766099726923, 93.36945692763096, 95.06525899326984, 95.78271371334782, 96.40412554382495, 97.15526694906143, 97.421176740419, 97.51363594010938, 97.58244278639057, 97.59534407006831, 97.9451122053311, 98.02108643143326]
val_acc_m5a = [90.65483346298, 92.45456474082455, 92.04087405416873, 91.38674775475567, 92.11866204653137, 92.38384838413126, 92.33434693444593, 92.37677674846192, 92.36263347712325, 91.52110883247295, 92.38031256629658, 92.28838130259528]
